0	0	0.05492424242424243	0.05492424242424243	0.034090909090909095	0.10700757575757576	0.04450757575757577	0.034090909090909095	0.04450757575757577	0.04450757575757577	0.023674242424242428	0.023674242424242428	0.07575757575757576	0.034090909090909095	0.023674242424242428	0.034090909090909095	0.023674242424242428	0.034090909090909095	0.05492424242424243	0.05492424242424243	0.023674242424242428	0.1278409090909091	0.023674242424242428	0.023674242424242428
1	1	0.08618654073199528	0.04722550177095632	0.01475796930342385	0.04073199527744983	0.0667060212514758	0.0667060212514758	0.20306965761511217	0.021251475796930343	0.01475796930342385	0.01475796930342385	0.04073199527744983	0.02774498229043684	0.02774498229043684	0.0796930342384888	0.01475796930342385	0.01475796930342385	0.03423848878394333	0.0731995277449823	0.021251475796930343	0.06021251475796931	0.01475796930342385	0.01475796930342385
2	2	0.12618724559023067	0.04857530529172321	0.0067842605156037995	0.13215739484396202	0.18290366350067844	0.05753052917232022	0.07245590230664858	0.0067842605156037995	0.0067842605156037995	0.0067842605156037995	0.015739484396200817	0.030664857530529173	0.00976933514246947	0.04857530529172321	0.012754409769335144	0.02170963364993216	0.018724559023066488	0.06648575305291723	0.012754409769335144	0.06947082767978291	0.03962008141112619	0.0067842605156037995
3	3	0.01788375558867362	0.012419274714356682	0.012419274714356682	0.028812717337307506	0.08892200695479384	0.01788375558867362	0.07252856433184303	0.01788375558867362	0.012419274714356682	0.01788375558867362	0.03974167908594139	0.3512170889220069	0.012419274714356682	0.01788375558867362	0.07252856433184303	0.03974167908594139	0.023348236462990564	0.06706408345752608	0.012419274714356682	0.028812717337307506	0.023348236462990564	0.012419274714356682
4	4	0.020713463751438437	0.027042577675489073	0.014384349827387804	0.014384349827387804	0.1852704257767549	0.027042577675489073	0.033371691599539705	0.12197928653624857	0.014384349827387804	0.014384349827387804	0.039700805523590336	0.033371691599539705	0.014384349827387804	0.033371691599539705	0.21058688147295743	0.0903337169159954	0.014384349827387804	0.014384349827387804	0.014384349827387804	0.033371691599539705	0.014384349827387804	0.014384349827387804
5	5	0.042881646655231566	0.042881646655231566	0.042881646655231566	0.042881646655231566	0.042881646655231566	0.042881646655231566	0.042881646655231566	0.042881646655231566	0.09948542024013723	0.042881646655231566	0.042881646655231566	0.042881646655231566	0.042881646655231566	0.042881646655231566	0.042881646655231566	0.042881646655231566	0.042881646655231566	0.042881646655231566	0.042881646655231566	0.042881646655231566	0.042881646655231566	0.042881646655231566
6	6	0.004779336994102095	0.009253609924750866	0.0036607687614399025	0.013727882855399635	0.051759202765914177	0.00701647345942648	0.005897905226764288	0.017083587553386213	0.00254220052877771	0.00254220052877771	0.018202155786048405	0.01149074639007525	0.008135041692088672	0.056233475696562944	0.6759202765914175	0.07077486272117145	0.005897905226764288	0.02043929225137279	0.00254220052877771	0.0036607687614399025	0.004779336994102095	0.0036607687614399025
7	7	0.027389277389277395	0.0979020979020979	0.01456876456876457	0.02097902097902098	0.027389277389277395	0.13636363636363638	0.046620046620046623	0.027389277389277395	0.01456876456876457	0.01456876456876457	0.05944055944055945	0.027389277389277395	0.01456876456876457	0.027389277389277395	0.02097902097902098	0.2773892773892774	0.02097902097902098	0.05303030303030303	0.01456876456876457	0.02097902097902098	0.02097902097902098	0.01456876456876457
8	8	0.00635386119257087	0.021714844295489456	0.0017455662616952942	0.014034352744030164	0.05320485965647256	0.012498254433738306	0.014802401899176093	0.016338500209467952	0.0017455662616952942	0.0017455662616952942	0.008658008658008658	0.010962156123446446	0.0017455662616952942	0.11464879206814692	0.5985197598100824	0.0201787459851976	0.003281664571987153	0.010962156123446446	0.004049713727133083	0.07624633431085044	0.004817762882279012	0.0017455662616952942
9	9	0.04058441558441559	0.04058441558441559	0.04058441558441559	0.04058441558441559	0.04058441558441559	0.04058441558441559	0.04058441558441559	0.04058441558441559	0.09415584415584417	0.04058441558441559	0.07629870129870131	0.05844155844155845	0.04058441558441559	0.04058441558441559	0.04058441558441559	0.04058441558441559	0.04058441558441559	0.04058441558441559	0.04058441558441559	0.04058441558441559	0.04058441558441559	0.04058441558441559
10	10	0.02336928608115049	0.14201335387776065	0.006420133538777607	0.006420133538777607	0.09964047252182845	0.06856702619414484	0.012069851052901903	0.01489470980996405	0.006420133538777607	0.009244992295839754	0.026194144838212637	0.012069851052901903	0.006420133538777607	0.020544427324088343	0.1391884951206985	0.32562917308680017	0.012069851052901903	0.026194144838212637	0.012069851052901903	0.012069851052901903	0.012069851052901903	0.006420133538777607
11	11	0.023146595102314663	0.1449178128144918	0.008386447500838645	0.012076484401207649	0.03790674270379068	0.1449178128144918	0.023146595102314663	0.012076484401207649	0.008386447500838645	0.008386447500838645	0.026836632002683665	0.008386447500838645	0.008386447500838645	0.008386447500838645	0.0600469641060047	0.04159677960415968	0.008386447500838645	0.048976853404897686	0.008386447500838645	0.33679973163367993	0.012076484401207649	0.008386447500838645
12	12	0.021093895837222328	0.014933731566175099	0.004666791114429718	0.010826955385476948	0.08269553854769461	0.008773567295127871	0.014933731566175099	0.008773567295127871	0.004666791114429718	0.004666791114429718	0.08269553854769461	0.004666791114429718	0.004666791114429718	0.10938958372223259	0.5200672017920478	0.021093895837222328	0.006720179204778794	0.04573455292141124	0.008773567295127871	0.010826955385476948	0.004666791114429718	0.004666791114429718
13	13	0.02731983042863872	0.05840791333019313	0.011775788977861518	0.011775788977861518	0.1568535091851154	0.022138483278379653	0.016957136128120585	0.358926048045219	0.011775788977861518	0.016957136128120585	0.037682524729156855	0.016957136128120585	0.016957136128120585	0.016957136128120585	0.0635892604804522	0.02731983042863872	0.016957136128120585	0.022138483278379653	0.011775788977861518	0.04804521902967499	0.016957136128120585	0.011775788977861518
14	14	0.022727272727272728	0.06272727272727273	0.022727272727272728	0.022727272727272728	0.022727272727272728	0.03272727272727273	0.14272727272727273	0.09272727272727273	0.022727272727272728	0.022727272727272728	0.04272727272727273	0.20272727272727273	0.022727272727272728	0.022727272727272728	0.022727272727272728	0.03272727272727273	0.052727272727272734	0.022727272727272728	0.022727272727272728	0.03272727272727273	0.03272727272727273	0.022727272727272728
15	15	0.03987240829346093	0.03987240829346093	0.03987240829346093	0.05741626794258373	0.03987240829346093	0.07496012759170655	0.03987240829346093	0.03987240829346093	0.09250398724082935	0.03987240829346093	0.03987240829346093	0.03987240829346093	0.03987240829346093	0.03987240829346093	0.03987240829346093	0.03987240829346093	0.03987240829346093	0.03987240829346093	0.03987240829346093	0.03987240829346093	0.05741626794258373	0.03987240829346093
16	16	0.036656891495601175	0.036656891495601175	0.036656891495601175	0.05278592375366569	0.036656891495601175	0.08504398826979473	0.036656891495601175	0.036656891495601175	0.05278592375366569	0.036656891495601175	0.06891495601173021	0.05278592375366569	0.036656891495601175	0.06891495601173021	0.036656891495601175	0.036656891495601175	0.036656891495601175	0.036656891495601175	0.036656891495601175	0.06891495601173021	0.036656891495601175	0.036656891495601175
17	17	0.04058441558441559	0.04058441558441559	0.04058441558441559	0.04058441558441559	0.04058441558441559	0.04058441558441559	0.04058441558441559	0.04058441558441559	0.09415584415584417	0.04058441558441559	0.05844155844155845	0.04058441558441559	0.04058441558441559	0.04058441558441559	0.04058441558441559	0.04058441558441559	0.04058441558441559	0.07629870129870131	0.04058441558441559	0.04058441558441559	0.04058441558441559	0.04058441558441559
18	18	0.04132231404958678	0.04132231404958678	0.04132231404958678	0.04132231404958678	0.04132231404958678	0.04132231404958678	0.04132231404958678	0.04132231404958678	0.09586776859504133	0.04132231404958678	0.07768595041322315	0.04132231404958678	0.04132231404958678	0.04132231404958678	0.04132231404958678	0.04132231404958678	0.04132231404958678	0.04132231404958678	0.04132231404958678	0.04132231404958678	0.04132231404958678	0.04132231404958678
19	19	0.03987240829346093	0.03987240829346093	0.03987240829346093	0.03987240829346093	0.03987240829346093	0.03987240829346093	0.03987240829346093	0.03987240829346093	0.11004784688995216	0.03987240829346093	0.05741626794258373	0.03987240829346093	0.03987240829346093	0.03987240829346093	0.07496012759170655	0.03987240829346093	0.03987240829346093	0.03987240829346093	0.03987240829346093	0.03987240829346093	0.03987240829346093	0.03987240829346093
20	20	0.034449760765550244	0.09760765550239235	0.02392344497607656	0.02392344497607656	0.02392344497607656	0.034449760765550244	0.0660287081339713	0.04497607655502393	0.02392344497607656	0.02392344497607656	0.02392344497607656	0.034449760765550244	0.034449760765550244	0.04497607655502393	0.034449760765550244	0.04497607655502393	0.02392344497607656	0.07655502392344499	0.055502392344497616	0.18181818181818182	0.02392344497607656	0.02392344497607656
21	21	0.04208754208754209	0.04208754208754209	0.04208754208754209	0.04208754208754209	0.04208754208754209	0.04208754208754209	0.04208754208754209	0.04208754208754209	0.04208754208754209	0.04208754208754209	0.09764309764309766	0.04208754208754209	0.04208754208754209	0.04208754208754209	0.04208754208754209	0.04208754208754209	0.04208754208754209	0.04208754208754209	0.04208754208754209	0.06060606060606061	0.04208754208754209	0.04208754208754209
22	22	0.045547499535229595	0.10485220301171222	0.004647704034207102	0.010782673359360477	0.08235731548614984	0.023052612009667225	0.023052612009667225	0.027142591559769474	0.004647704034207102	0.004647704034207102	0.03327756088492285	0.023052612009667225	0.006692693809258227	0.012827663134411601	0.03941253021007622	0.03532255065997397	0.006692693809258227	0.0291875813348206	0.004647704034207102	0.4647704034207102	0.008737683584309352	0.004647704034207102
23	23	0.04208754208754209	0.06060606060606061	0.04208754208754209	0.04208754208754209	0.04208754208754209	0.04208754208754209	0.04208754208754209	0.04208754208754209	0.09764309764309766	0.04208754208754209	0.04208754208754209	0.04208754208754209	0.04208754208754209	0.04208754208754209	0.04208754208754209	0.04208754208754209	0.04208754208754209	0.04208754208754209	0.04208754208754209	0.04208754208754209	0.04208754208754209	0.04208754208754209
24	24	0.03156565656565657	0.10101010101010102	0.03156565656565657	0.10101010101010102	0.045454545454545456	0.12878787878787878	0.03156565656565657	0.03156565656565657	0.03156565656565657	0.03156565656565657	0.05934343434343435	0.03156565656565657	0.045454545454545456	0.045454545454545456	0.03156565656565657	0.03156565656565657	0.03156565656565657	0.03156565656565657	0.03156565656565657	0.03156565656565657	0.03156565656565657	0.03156565656565657
25	25	0.03519061583577713	0.03519061583577713	0.024437927663734118	0.03519061583577713	0.07820136852394918	0.03519061583577713	0.03519061583577713	0.03519061583577713	0.024437927663734118	0.024437927663734118	0.03519061583577713	0.3147605083088954	0.024437927663734118	0.05669599217986315	0.024437927663734118	0.024437927663734118	0.024437927663734118	0.024437927663734118	0.024437927663734118	0.03519061583577713	0.024437927663734118	0.024437927663734118
26	26	0.01560379918588874	0.14246947082767977	0.005653550429669833	0.047942107643600185	0.1350067842605156	0.01560379918588874	0.02306648575305292	0.10018091361374944	0.005653550429669833	0.005653550429669833	0.037991858887381276	0.06784260515603799	0.005653550429669833	0.16734509271822703	0.1250565355042967	0.010628674807779287	0.02804161013116237	0.02057892356399819	0.013116236996834013	0.00814111261872456	0.013116236996834013	0.005653550429669833
27	27	0.0037791307999160196	0.058051648120932185	0.002624396388830569	0.011862271677514172	0.03495695989922318	0.013017006088599624	0.011862271677514172	0.006088599622086921	0.0037791307999160196	0.0037791307999160196	0.06267058576527398	0.009552802855343271	0.002624396388830569	0.15851354188536637	0.5592063825320176	0.011862271677514172	0.0037791307999160196	0.016481209321855973	0.0037791307999160196	0.016481209321855973	0.002624396388830569	0.002624396388830569
28	28	0.04058441558441559	0.04058441558441559	0.04058441558441559	0.05844155844155845	0.04058441558441559	0.04058441558441559	0.04058441558441559	0.04058441558441559	0.09415584415584417	0.04058441558441559	0.05844155844155845	0.05844155844155845	0.04058441558441559	0.04058441558441559	0.04058441558441559	0.04058441558441559	0.04058441558441559	0.04058441558441559	0.04058441558441559	0.04058441558441559	0.04058441558441559	0.04058441558441559
29	29	0.04935667580679182	0.11432187302256908	0.005273149124657246	0.2604935667580679	0.026154819658299938	0.04935667580679182	0.021514448428601562	0.016874077198903187	0.007593334739506434	0.005273149124657246	0.014553891584053999	0.014553891584053999	0.005273149124657246	0.0725585319552837	0.02383463404345075	0.03775574773254588	0.009913520354355623	0.17232651339379876	0.012233705969204811	0.07023834634043451	0.005273149124657246	0.005273149124657246
30	30	0.020713463751438437	0.2675489067894131	0.014384349827387804	0.09666283084004604	0.033371691599539705	0.07767548906789414	0.04602991944764097	0.020713463751438437	0.014384349827387804	0.020713463751438437	0.0523590333716916	0.014384349827387804	0.014384349827387804	0.0713463751438435	0.1093210586881473	0.027042577675489073	0.020713463751438437	0.020713463751438437	0.014384349827387804	0.014384349827387804	0.014384349827387804	0.014384349827387804
31	31	0.025252525252525256	0.04747474747474748	0.025252525252525256	0.025252525252525256	0.025252525252525256	0.058585858585858595	0.04747474747474748	0.2474747474747475	0.025252525252525256	0.025252525252525256	0.025252525252525256	0.03636363636363637	0.025252525252525256	0.03636363636363637	0.04747474747474748	0.0696969696969697	0.04747474747474748	0.058585858585858595	0.025252525252525256	0.025252525252525256	0.025252525252525256	0.025252525252525256
32	32	0.03943044906900329	0.05147864184008763	0.02738225629791895	0.06352683461117196	0.05147864184008763	0.03943044906900329	0.08762322015334065	0.03943044906900329	0.02738225629791895	0.02738225629791895	0.05147864184008763	0.02738225629791895	0.02738225629791895	0.02738225629791895	0.09967141292442498	0.02738225629791895	0.06352683461117196	0.03943044906900329	0.02738225629791895	0.08762322015334065	0.03943044906900329	0.02738225629791895
33	33	0.02805836139169473	0.04040404040404041	0.02805836139169473	0.02805836139169473	0.1021324354657688	0.15151515151515152	0.04040404040404041	0.04040404040404041	0.02805836139169473	0.02805836139169473	0.02805836139169473	0.02805836139169473	0.02805836139169473	0.02805836139169473	0.05274971941638609	0.08978675645342313	0.04040404040404041	0.02805836139169473	0.02805836139169473	0.07744107744107745	0.02805836139169473	0.02805836139169473
34	34	0.05194805194805195	0.05194805194805195	0.03607503607503608	0.05194805194805195	0.05194805194805195	0.06782106782106784	0.05194805194805195	0.03607503607503608	0.03607503607503608	0.03607503607503608	0.09956709956709958	0.03607503607503608	0.03607503607503608	0.05194805194805195	0.05194805194805195	0.03607503607503608	0.03607503607503608	0.03607503607503608	0.03607503607503608	0.03607503607503608	0.03607503607503608	0.03607503607503608
35	35	0.04132231404958678	0.04132231404958678	0.04132231404958678	0.04132231404958678	0.04132231404958678	0.04132231404958678	0.04132231404958678	0.04132231404958678	0.09586776859504133	0.04132231404958678	0.05950413223140496	0.04132231404958678	0.04132231404958678	0.04132231404958678	0.05950413223140496	0.04132231404958678	0.04132231404958678	0.04132231404958678	0.04132231404958678	0.04132231404958678	0.04132231404958678	0.04132231404958678
36	36	0.024139702105803806	0.024139702105803806	0.01848998459167951	0.01848998459167951	0.058038007190549565	0.01848998459167951	0.12018489984591679	0.18233179250128403	0.012840267077555215	0.012840267077555215	0.024139702105803806	0.2105803800719055	0.012840267077555215	0.04108885464817669	0.06933744221879816	0.024139702105803806	0.0297894196199281	0.01848998459167951	0.024139702105803806	0.0297894196199281	0.012840267077555215	0.012840267077555215
37	37	0.04058441558441559	0.04058441558441559	0.04058441558441559	0.04058441558441559	0.04058441558441559	0.04058441558441559	0.07629870129870131	0.04058441558441559	0.09415584415584417	0.04058441558441559	0.05844155844155845	0.04058441558441559	0.04058441558441559	0.04058441558441559	0.04058441558441559	0.04058441558441559	0.04058441558441559	0.04058441558441559	0.04058441558441559	0.04058441558441559	0.04058441558441559	0.04058441558441559
38	38	0.039911308203991136	0.14966740576496676	0.02771618625277162	0.06430155210643017	0.02771618625277162	0.07649667405764968	0.05210643015521065	0.039911308203991136	0.039911308203991136	0.02771618625277162	0.11308203991130822	0.02771618625277162	0.02771618625277162	0.02771618625277162	0.02771618625277162	0.02771618625277162	0.02771618625277162	0.05210643015521065	0.02771618625277162	0.039911308203991136	0.02771618625277162	0.02771618625277162
39	39	0.04208754208754209	0.04208754208754209	0.04208754208754209	0.04208754208754209	0.04208754208754209	0.04208754208754209	0.04208754208754209	0.04208754208754209	0.09764309764309766	0.04208754208754209	0.04208754208754209	0.04208754208754209	0.04208754208754209	0.04208754208754209	0.04208754208754209	0.04208754208754209	0.06060606060606061	0.04208754208754209	0.04208754208754209	0.04208754208754209	0.04208754208754209	0.04208754208754209
40	40	0.04058441558441559	0.04058441558441559	0.04058441558441559	0.04058441558441559	0.04058441558441559	0.04058441558441559	0.04058441558441559	0.04058441558441559	0.09415584415584417	0.04058441558441559	0.07629870129870131	0.04058441558441559	0.04058441558441559	0.04058441558441559	0.04058441558441559	0.04058441558441559	0.05844155844155845	0.04058441558441559	0.04058441558441559	0.04058441558441559	0.04058441558441559	0.04058441558441559
41	41	0.00935278713056491	0.07931163486719042	0.01346801346801347	0.01346801346801347	0.02581369248035915	0.12869435091657314	0.02169846614291059	0.02169846614291059	0.01346801346801347	0.01346801346801347	0.05873550317994763	0.19042274597830153	0.00935278713056491	0.10811821922933035	0.00935278713056491	0.0916573138795361	0.00935278713056491	0.09577254021698467	0.02169846614291059	0.01346801346801347	0.04227459783015339	0.00935278713056491
42	42	0.03725782414307005	0.03725782414307005	0.03725782414307005	0.03725782414307005	0.10283159463487333	0.11922503725782416	0.05365126676602087	0.03725782414307005	0.03725782414307005	0.05365126676602087	0.03725782414307005	0.03725782414307005	0.03725782414307005	0.03725782414307005	0.03725782414307005	0.03725782414307005	0.03725782414307005	0.03725782414307005	0.03725782414307005	0.03725782414307005	0.03725782414307005	0.03725782414307005
43	43	0.024437927663734118	0.05669599217986315	0.024437927663734118	0.024437927663734118	0.03519061583577713	0.07820136852394918	0.03519061583577713	0.045943304007820145	0.024437927663734118	0.024437927663734118	0.045943304007820145	0.024437927663734118	0.024437927663734118	0.03519061583577713	0.08895405669599218	0.12121212121212122	0.06744868035190617	0.045943304007820145	0.045943304007820145	0.06744868035190617	0.03519061583577713	0.024437927663734118
44	44	0.034918723660445516	0.05478627332931969	0.021673690547862733	0.07465382299819387	0.041541240216736906	0.05478627332931969	0.05478627332931969	0.021673690547862733	0.015051173991571343	0.0481637567730283	0.08789885611077665	0.021673690547862733	0.021673690547862733	0.1210114388922336	0.06140878988561108	0.041541240216736906	0.05478627332931969	0.015051173991571343	0.041541240216736906	0.0481637567730283	0.041541240216736906	0.021673690547862733
45	45	0.02319109461966605	0.1150278293135436	0.03339517625231911	0.02319109461966605	0.043599257884972174	0.15584415584415584	0.05380333951762524	0.08441558441558442	0.02319109461966605	0.02319109461966605	0.043599257884972174	0.02319109461966605	0.02319109461966605	0.05380333951762524	0.03339517625231911	0.08441558441558442	0.02319109461966605	0.02319109461966605	0.02319109461966605	0.043599257884972174	0.02319109461966605	0.02319109461966605
46	46	0.013412816691505217	0.09128166915052162	0.009314456035767513	0.050298062593144566	0.0789865871833085	0.025707898658718333	0.009314456035767513	0.013412816691505217	0.009314456035767513	0.009314456035767513	0.021609538002980627	0.013412816691505217	0.009314456035767513	0.02980625931445604	0.017511177347242925	0.009314456035767513	0.013412816691505217	0.40685543964232485	0.009314456035767513	0.14046199701937406	0.009314456035767513	0.009314456035767513
47	47	0.03156565656565657	0.03156565656565657	0.03156565656565657	0.03156565656565657	0.045454545454545456	0.045454545454545456	0.12878787878787878	0.03156565656565657	0.03156565656565657	0.03156565656565657	0.045454545454545456	0.18434343434343436	0.03156565656565657	0.045454545454545456	0.03156565656565657	0.03156565656565657	0.03156565656565657	0.03156565656565657	0.03156565656565657	0.03156565656565657	0.03156565656565657	0.03156565656565657
48	48	0.04058441558441559	0.04058441558441559	0.04058441558441559	0.04058441558441559	0.04058441558441559	0.04058441558441559	0.05844155844155845	0.04058441558441559	0.09415584415584417	0.04058441558441559	0.04058441558441559	0.04058441558441559	0.04058441558441559	0.04058441558441559	0.04058441558441559	0.04058441558441559	0.05844155844155845	0.04058441558441559	0.04058441558441559	0.05844155844155845	0.04058441558441559	0.04058441558441559
49	49	0.05950413223140496	0.04132231404958678	0.04132231404958678	0.04132231404958678	0.04132231404958678	0.05950413223140496	0.04132231404958678	0.04132231404958678	0.05950413223140496	0.04132231404958678	0.04132231404958678	0.04132231404958678	0.04132231404958678	0.04132231404958678	0.05950413223140496	0.04132231404958678	0.05950413223140496	0.04132231404958678	0.04132231404958678	0.04132231404958678	0.04132231404958678	0.04132231404958678
50	50	0.04962670180061485	0.11725955204216074	0.010979358805445764	0.2235397452788757	0.09310496267018006	0.030303030303030307	0.11242863416776461	0.0158102766798419	0.010979358805445764	0.010979358805445764	0.04479578392621871	0.010979358805445764	0.010979358805445764	0.04962670180061485	0.020641194554238036	0.020641194554238036	0.0158102766798419	0.039964866051822576	0.010979358805445764	0.07861220904699166	0.010979358805445764	0.010979358805445764
51	51	0.041426927502876874	0.028768699654775607	0.028768699654775607	0.041426927502876874	0.054085155350978145	0.11737629459148448	0.054085155350978145	0.028768699654775607	0.028768699654775607	0.028768699654775607	0.1047180667433832	0.054085155350978145	0.028768699654775607	0.09205983889528194	0.028768699654775607	0.041426927502876874	0.028768699654775607	0.028768699654775607	0.041426927502876874	0.041426927502876874	0.028768699654775607	0.028768699654775607
52	52	0.02821316614420063	0.05407523510971787	0.019592476489028215	0.019592476489028215	0.07131661442006271	0.23510971786833856	0.04545454545454546	0.019592476489028215	0.019592476489028215	0.019592476489028215	0.07131661442006271	0.019592476489028215	0.019592476489028215	0.08855799373040753	0.036833855799373046	0.019592476489028215	0.02821316614420063	0.019592476489028215	0.019592476489028215	0.10579937304075236	0.019592476489028215	0.019592476489028215
53	53	0.04132231404958678	0.04132231404958678	0.04132231404958678	0.04132231404958678	0.04132231404958678	0.04132231404958678	0.04132231404958678	0.04132231404958678	0.09586776859504133	0.04132231404958678	0.04132231404958678	0.04132231404958678	0.04132231404958678	0.04132231404958678	0.05950413223140496	0.05950413223140496	0.04132231404958678	0.04132231404958678	0.04132231404958678	0.04132231404958678	0.04132231404958678	0.04132231404958678
54	54	0.019425019425019428	0.027972027972027975	0.019425019425019428	0.027972027972027975	0.07070707070707072	0.08780108780108781	0.027972027972027975	0.03651903651903653	0.019425019425019428	0.019425019425019428	0.04506604506604507	0.019425019425019428	0.019425019425019428	0.1048951048951049	0.027972027972027975	0.19036519036519037	0.08780108780108781	0.053613053613053616	0.027972027972027975	0.027972027972027975	0.019425019425019428	0.019425019425019428
55	55	0.025826446280991736	0.11673553719008266	0.025826446280991736	0.025826446280991736	0.04855371900826447	0.1962809917355372	0.025826446280991736	0.025826446280991736	0.025826446280991736	0.025826446280991736	0.025826446280991736	0.025826446280991736	0.025826446280991736	0.04855371900826447	0.0371900826446281	0.0371900826446281	0.08264462809917356	0.025826446280991736	0.025826446280991736	0.059917355371900835	0.0371900826446281	0.025826446280991736
56	56	0.04058441558441559	0.04058441558441559	0.04058441558441559	0.04058441558441559	0.04058441558441559	0.05844155844155845	0.04058441558441559	0.04058441558441559	0.09415584415584417	0.04058441558441559	0.05844155844155845	0.04058441558441559	0.04058441558441559	0.04058441558441559	0.05844155844155845	0.04058441558441559	0.04058441558441559	0.04058441558441559	0.04058441558441559	0.04058441558441559	0.04058441558441559	0.04058441558441559
57	57	0.0169606512890095	0.06919945725915876	0.0169606512890095	0.0169606512890095	0.06919945725915876	0.054274084124830396	0.0169606512890095	0.06919945725915876	0.0169606512890095	0.0169606512890095	0.07666214382632293	0.0169606512890095	0.0169606512890095	0.10651289009497965	0.2259158751696065	0.024423337856173677	0.054274084124830396	0.024423337856173677	0.0169606512890095	0.031886024423337864	0.024423337856173677	0.0169606512890095
58	58	0.011140819964349378	0.011140819964349378	0.016042780748663103	0.03074866310160428	0.20231729055258468	0.025846702317290554	0.02094474153297683	0.011140819964349378	0.011140819964349378	0.016042780748663103	0.040552584670231734	0.3983957219251337	0.016042780748663103	0.02094474153297683	0.035650623885918005	0.02094474153297683	0.02094474153297683	0.011140819964349378	0.016042780748663103	0.02094474153297683	0.03074866310160428	0.011140819964349378
59	59	0.05609284332688589	0.08800773694390716	0.024177949709864605	0.09864603481624759	0.09864603481624759	0.05609284332688589	0.03481624758220503	0.024177949709864605	0.024177949709864605	0.024177949709864605	0.06673114119922631	0.03481624758220503	0.024177949709864605	0.13056092843326886	0.03481624758220503	0.024177949709864605	0.024177949709864605	0.03481624758220503	0.024177949709864605	0.024177949709864605	0.024177949709864605	0.024177949709864605
60	60	0.0430622009569378	0.06937799043062202	0.029904306220095697	0.029904306220095697	0.06937799043062202	0.06937799043062202	0.0430622009569378	0.0430622009569378	0.029904306220095697	0.029904306220095697	0.13516746411483255	0.029904306220095697	0.029904306220095697	0.029904306220095697	0.08253588516746413	0.029904306220095697	0.0430622009569378	0.029904306220095697	0.029904306220095697	0.0430622009569378	0.029904306220095697	0.029904306220095697
61	61	0.04422604422604423	0.057739557739557745	0.030712530712530717	0.030712530712530717	0.030712530712530717	0.1928746928746929	0.04422604422604423	0.030712530712530717	0.030712530712530717	0.030712530712530717	0.030712530712530717	0.030712530712530717	0.030712530712530717	0.030712530712530717	0.057739557739557745	0.09828009828009829	0.030712530712530717	0.04422604422604423	0.030712530712530717	0.030712530712530717	0.030712530712530717	0.030712530712530717
62	62	0.023047375160051217	0.06530089628681178	0.016005121638924456	0.030089628681177982	0.07938540332906531	0.12868117797695264	0.10755441741357234	0.10051216389244559	0.016005121638924456	0.016005121638924456	0.03713188220230474	0.023047375160051217	0.016005121638924456	0.051216389244558264	0.030089628681177982	0.030089628681177982	0.06530089628681178	0.03713188220230474	0.023047375160051217	0.044174135723431505	0.044174135723431505	0.016005121638924456
63	63	0.04370629370629371	0.04370629370629371	0.04370629370629371	0.04370629370629371	0.04370629370629371	0.06293706293706294	0.04370629370629371	0.04370629370629371	0.04370629370629371	0.04370629370629371	0.04370629370629371	0.04370629370629371	0.04370629370629371	0.04370629370629371	0.04370629370629371	0.06293706293706294	0.04370629370629371	0.04370629370629371	0.04370629370629371	0.04370629370629371	0.04370629370629371	0.04370629370629371
64	64	0.023460410557184754	0.04281524926686217	0.007331378299120235	0.3041055718475073	0.05894428152492669	0.026686217008797655	0.03636363636363637	0.017008797653958945	0.007331378299120235	0.007331378299120235	0.046041055718475075	0.017008797653958945	0.007331378299120235	0.023460410557184754	0.04926686217008798	0.033137829912023464	0.017008797653958945	0.10733137829912023	0.010557184750733138	0.14281524926686218	0.007331378299120235	0.007331378299120235
65	65	0.03246753246753247	0.14675324675324677	0.03246753246753247	0.03246753246753247	0.046753246753246755	0.046753246753246755	0.061038961038961045	0.046753246753246755	0.03246753246753247	0.03246753246753247	0.03246753246753247	0.03246753246753247	0.046753246753246755	0.1181818181818182	0.03246753246753247	0.03246753246753247	0.03246753246753247	0.03246753246753247	0.03246753246753247	0.03246753246753247	0.03246753246753247	0.03246753246753247
66	66	0.03519061583577713	0.08895405669599218	0.024437927663734118	0.024437927663734118	0.05669599217986315	0.13196480938416422	0.05669599217986315	0.03519061583577713	0.024437927663734118	0.024437927663734118	0.024437927663734118	0.024437927663734118	0.024437927663734118	0.08895405669599218	0.06744868035190617	0.024437927663734118	0.024437927663734118	0.024437927663734118	0.024437927663734118	0.12121212121212122	0.024437927663734118	0.024437927663734118
67	67	0.029904306220095697	0.08253588516746413	0.029904306220095697	0.05622009569377991	0.029904306220095697	0.10885167464114834	0.0430622009569378	0.029904306220095697	0.029904306220095697	0.029904306220095697	0.029904306220095697	0.029904306220095697	0.029904306220095697	0.0430622009569378	0.09569377990430623	0.06937799043062202	0.0430622009569378	0.029904306220095697	0.029904306220095697	0.05622009569377991	0.0430622009569378	0.029904306220095697
68	68	0.050267379679144394	0.07379679144385028	0.026737967914438505	0.026737967914438505	0.026737967914438505	0.21497326203208558	0.038502673796791446	0.026737967914438505	0.026737967914438505	0.026737967914438505	0.026737967914438505	0.026737967914438505	0.026737967914438505	0.07379679144385028	0.050267379679144394	0.038502673796791446	0.026737967914438505	0.026737967914438505	0.050267379679144394	0.062032085561497335	0.026737967914438505	0.026737967914438505
69	69	0.03605015673981191	0.013061650992685477	0.013061650992685477	0.018808777429467086	0.07628004179728318	0.030303030303030307	0.03605015673981191	0.08202716823406479	0.013061650992685477	0.013061650992685477	0.013061650992685477	0.39811912225705326	0.018808777429467086	0.013061650992685477	0.018808777429467086	0.04754440961337513	0.018808777429467086	0.013061650992685477	0.024555903866248698	0.03605015673981191	0.05329153605015674	0.013061650992685477
70	70	0.04363636363636364	0.04363636363636364	0.030303030303030307	0.04363636363636364	0.056969696969696976	0.12363636363636364	0.030303030303030307	0.04363636363636364	0.030303030303030307	0.030303030303030307	0.136969696969697	0.030303030303030307	0.030303030303030307	0.04363636363636364	0.030303030303030307	0.030303030303030307	0.030303030303030307	0.030303030303030307	0.030303030303030307	0.07030303030303031	0.030303030303030307	0.030303030303030307
71	71	0.027272727272727275	0.03560606060606061	0.01893939393939394	0.01893939393939394	0.03560606060606061	0.043939393939393945	0.01893939393939394	0.03560606060606061	0.01893939393939394	0.01893939393939394	0.1272727272727273	0.027272727272727275	0.01893939393939394	0.10227272727272728	0.03560606060606061	0.043939393939393945	0.027272727272727275	0.03560606060606061	0.027272727272727275	0.24393939393939396	0.01893939393939394	0.01893939393939394
72	72	0.029904306220095697	0.0430622009569378	0.029904306220095697	0.0430622009569378	0.06937799043062202	0.029904306220095697	0.0430622009569378	0.0430622009569378	0.029904306220095697	0.029904306220095697	0.13516746411483255	0.08253588516746413	0.029904306220095697	0.029904306220095697	0.05622009569377991	0.0430622009569378	0.0430622009569378	0.05622009569377991	0.029904306220095697	0.0430622009569378	0.029904306220095697	0.029904306220095697
73	73	0.014001623376623378	0.018465909090909092	0.005073051948051949	0.06534090909090909	0.03855519480519481	0.009537337662337664	0.020698051948051948	0.005073051948051949	0.005073051948051949	0.005073051948051949	0.014001623376623378	0.020698051948051948	0.005073051948051949	0.045251623376623376	0.6278409090909091	0.025162337662337664	0.009537337662337664	0.02739448051948052	0.005073051948051949	0.022930194805194808	0.005073051948051949	0.005073051948051949
74	74	0.00984499371596146	0.012149141181399247	0.00984499371596146	0.025974025974025976	0.044407205697528276	0.023669878508588187	0.01906158357771261	0.005236698785085882	0.005236698785085882	0.007540846250523671	0.012149141181399247	0.044407205697528276	0.007540846250523671	0.14118139924591538	0.5697528278173439	0.012149141181399247	0.005236698785085882	0.016757436112274822	0.005236698785085882	0.012149141181399247	0.005236698785085882	0.005236698785085882
75	75	0.04058441558441559	0.04058441558441559	0.04058441558441559	0.04058441558441559	0.04058441558441559	0.04058441558441559	0.04058441558441559	0.04058441558441559	0.09415584415584417	0.04058441558441559	0.09415584415584417	0.04058441558441559	0.04058441558441559	0.04058441558441559	0.04058441558441559	0.04058441558441559	0.04058441558441559	0.04058441558441559	0.04058441558441559	0.04058441558441559	0.04058441558441559	0.04058441558441559
76	76	0.0375414059624586	0.16304747883695253	0.009201324990798676	0.13875598086124402	0.0618329039381671	0.0618329039381671	0.025395656974604344	0.009201324990798676	0.009201324990798676	0.009201324990798676	0.04563857195436143	0.01729849098270151	0.009201324990798676	0.02944423997055576	0.01729849098270151	0.025395656974604344	0.01729849098270151	0.1306588148693412	0.01729849098270151	0.14685314685314685	0.009201324990798676	0.009201324990798676
77	77	0.02097902097902098	0.21328671328671328	0.01456876456876457	0.02097902097902098	0.03379953379953381	0.05303030303030303	0.046620046620046623	0.01456876456876457	0.01456876456876457	0.01456876456876457	0.027389277389277395	0.027389277389277395	0.01456876456876457	0.027389277389277395	0.02097902097902098	0.270979020979021	0.03379953379953381	0.040209790209790215	0.01456876456876457	0.046620046620046623	0.01456876456876457	0.01456876456876457
78	78	0.019365250134480906	0.078536847767617	0.013448090371167296	0.019365250134480906	0.09628832705755783	0.054868208714362564	0.078536847767617	0.019365250134480906	0.019365250134480906	0.013448090371167296	0.16729424421732114	0.025282409897794518	0.019365250134480906	0.11995696611081227	0.037116729424421735	0.019365250134480906	0.025282409897794518	0.037116729424421735	0.025282409897794518	0.08445400753093062	0.013448090371167296	0.013448090371167296
79	79	0.04132231404958678	0.04132231404958678	0.04132231404958678	0.04132231404958678	0.04132231404958678	0.04132231404958678	0.04132231404958678	0.05950413223140496	0.09586776859504133	0.04132231404958678	0.05950413223140496	0.04132231404958678	0.04132231404958678	0.04132231404958678	0.04132231404958678	0.04132231404958678	0.04132231404958678	0.04132231404958678	0.04132231404958678	0.04132231404958678	0.04132231404958678	0.04132231404958678
80	80	0.03896103896103896	0.02705627705627706	0.02705627705627706	0.02705627705627706	0.05086580086580087	0.03896103896103896	0.02705627705627706	0.03896103896103896	0.02705627705627706	0.02705627705627706	0.03896103896103896	0.3365800865800866	0.02705627705627706	0.02705627705627706	0.03896103896103896	0.02705627705627706	0.02705627705627706	0.02705627705627706	0.03896103896103896	0.02705627705627706	0.02705627705627706	0.02705627705627706
81	81	0.006260956674179815	0.11094415226646631	0.006260956674179815	0.13298271975957926	0.3478587528174305	0.025544703230653644	0.011770598547458053	0.02003506135737541	0.009015777610818934	0.006260956674179815	0.058602554470323066	0.017280240420736292	0.006260956674179815	0.08064112196343602	0.05033809166040571	0.014525419484097172	0.006260956674179815	0.009015777610818934	0.009015777610818934	0.05584773353368395	0.009015777610818934	0.006260956674179815
82	82	0.042881646655231566	0.042881646655231566	0.042881646655231566	0.042881646655231566	0.042881646655231566	0.042881646655231566	0.042881646655231566	0.042881646655231566	0.09948542024013723	0.042881646655231566	0.042881646655231566	0.042881646655231566	0.042881646655231566	0.042881646655231566	0.042881646655231566	0.042881646655231566	0.042881646655231566	0.042881646655231566	0.042881646655231566	0.042881646655231566	0.042881646655231566	0.042881646655231566
83	83	0.046811397557666216	0.10651289009497965	0.0169606512890095	0.039348710990502044	0.046811397557666216	0.07666214382632293	0.024423337856173677	0.024423337856173677	0.0169606512890095	0.0169606512890095	0.06919945725915876	0.031886024423337864	0.0169606512890095	0.039348710990502044	0.039348710990502044	0.024423337856173677	0.031886024423337864	0.07666214382632293	0.031886024423337864	0.18860244233378562	0.0169606512890095	0.0169606512890095
84	84	0.04132231404958678	0.04132231404958678	0.04132231404958678	0.04132231404958678	0.04132231404958678	0.04132231404958678	0.04132231404958678	0.04132231404958678	0.09586776859504133	0.04132231404958678	0.04132231404958678	0.04132231404958678	0.04132231404958678	0.04132231404958678	0.04132231404958678	0.07768595041322315	0.04132231404958678	0.04132231404958678	0.04132231404958678	0.04132231404958678	0.04132231404958678	0.04132231404958678
85	85	0.042881646655231566	0.042881646655231566	0.042881646655231566	0.042881646655231566	0.042881646655231566	0.042881646655231566	0.042881646655231566	0.042881646655231566	0.09948542024013723	0.042881646655231566	0.042881646655231566	0.042881646655231566	0.042881646655231566	0.042881646655231566	0.042881646655231566	0.042881646655231566	0.042881646655231566	0.042881646655231566	0.042881646655231566	0.042881646655231566	0.042881646655231566	0.042881646655231566
86	86	0.04132231404958678	0.05950413223140496	0.04132231404958678	0.04132231404958678	0.04132231404958678	0.04132231404958678	0.04132231404958678	0.04132231404958678	0.09586776859504133	0.04132231404958678	0.04132231404958678	0.04132231404958678	0.04132231404958678	0.04132231404958678	0.04132231404958678	0.04132231404958678	0.04132231404958678	0.04132231404958678	0.05950413223140496	0.04132231404958678	0.04132231404958678	0.04132231404958678
87	87	0.04195804195804196	0.02913752913752914	0.02913752913752914	0.04195804195804196	0.04195804195804196	0.1188811188811189	0.02913752913752914	0.05477855477855479	0.02913752913752914	0.02913752913752914	0.04195804195804196	0.02913752913752914	0.02913752913752914	0.02913752913752914	0.02913752913752914	0.182983682983683	0.06759906759906761	0.02913752913752914	0.02913752913752914	0.02913752913752914	0.02913752913752914	0.02913752913752914
